556,286 -> 341,71
337,201 -> 782,646
786,780 -> 117,111
977,864 -> 199,86
544,127 -> 544,144
539,471 -> 539,972
364,765 -> 364,285
282,325 -> 892,935
536,941 -> 158,941
280,39 -> 806,565
168,662 -> 363,857
639,676 -> 639,701
397,809 -> 466,809
716,118 -> 625,209
153,582 -> 497,926
35,706 -> 398,706
61,41 -> 519,41
158,557 -> 158,922
320,177 -> 624,481
800,779 -> 466,779
292,270 -> 292,497
919,17 -> 757,17
935,520 -> 935,688
948,480 -> 303,480
306,811 -> 306,467
227,582 -> 464,819
757,807 -> 757,688
983,12 -> 30,965
632,262 -> 640,262
755,314 -> 138,931
179,599 -> 179,144
556,246 -> 801,491
114,218 -> 114,60
183,70 -> 423,70
561,661 -> 231,331
875,738 -> 723,890
812,828 -> 812,78
98,707 -> 88,707
804,979 -> 188,979
503,178 -> 453,178
902,678 -> 248,678
603,618 -> 737,752
788,735 -> 559,964
839,134 -> 839,408
569,356 -> 491,356
566,543 -> 566,77
624,386 -> 111,386
781,109 -> 781,52
187,709 -> 23,545
220,123 -> 856,123
210,528 -> 398,716
942,935 -> 58,51
102,13 -> 102,560
926,588 -> 969,545
529,117 -> 146,117
989,211 -> 739,461
207,201 -> 207,106
799,876 -> 284,876
370,773 -> 687,456
571,972 -> 571,351
877,910 -> 877,12
384,205 -> 384,940
493,915 -> 912,496
764,412 -> 368,16
368,220 -> 333,220
526,271 -> 778,271
379,203 -> 417,165
168,577 -> 168,709
529,808 -> 598,739
959,506 -> 959,626
576,89 -> 863,89
277,412 -> 311,378
12,19 -> 975,982
620,951 -> 240,571
937,206 -> 954,206
231,177 -> 918,864
499,825 -> 315,825
289,876 -> 289,302
408,569 -> 46,207
461,838 -> 91,838
281,294 -> 281,737
61,541 -> 61,747
768,857 -> 768,276
782,97 -> 33,97
544,563 -> 251,856
731,216 -> 731,19
767,142 -> 242,667
469,612 -> 952,129
508,363 -> 508,540
614,845 -> 614,739
342,362 -> 235,362
880,703 -> 880,653
942,669 -> 651,669
884,976 -> 884,924
158,822 -> 945,35
510,716 -> 884,342
523,946 -> 73,496
334,430 -> 157,253
593,77 -> 105,565
269,132 -> 243,132
902,529 -> 180,529
554,767 -> 554,938
164,615 -> 425,615
51,713 -> 51,341
428,606 -> 89,945
600,402 -> 600,185
774,550 -> 774,207
465,204 -> 697,436
577,719 -> 255,719
647,990 -> 970,990
649,170 -> 886,407
428,503 -> 428,394
381,608 -> 381,444
778,175 -> 778,121
795,379 -> 379,379
929,792 -> 218,81
504,837 -> 504,449
212,216 -> 212,76
446,744 -> 446,116
824,247 -> 577,247
77,214 -> 553,214
913,234 -> 913,670
949,24 -> 43,930
733,758 -> 733,62
628,659 -> 962,659
172,749 -> 755,749
901,717 -> 184,717
457,578 -> 923,112
943,11 -> 912,11
728,597 -> 116,597
